11,1001,118,2023-01-03,2023-01-12,3,9,1370
12,1006,119,2022-12-03,2022-12-09,3,6,690
13,1006,116,2022-12-25,2022-12-30,2,5,10000
14,1001,101,2023-01-02,2023-01-05,1,3,6000
15,1001,102,2023-01-07,2023-01-17,1,10,30000
16,1001,103,2023-02-20,2023-02-26,1,6,12000
17,1001,104,2023-01-04,2023-01-08,1,4,8000
18,1001,105,2023-02-09,2023-02-19,1,10,20000
19,1001,106,2023-02-02,2023-02-10,2,8,12000
20,1001,118,2023-01-03,2023-01-12,3,9,1370
21,1009,126,2023-02-03,2023-02-04,3,1,120
22,1009,125,2023-01-02,2023-01-10,2,8,11600
23,1009,124,2023-01-14,2023-01-17,2,3,3750
24,1010,114,2023-01-05,2023-01-15,1,10,25000
25,1007,118,2023-02-02,2023-02-09,1,7,10500
26,1006,111,2023-01-02,2023-01-15,1,13,18200
